Training Query ID	Document ID
5	2452
5	1833
5	2464
5	5072
5	1834
6	2464
6	2655
6	2468
6	3150
6	3708
7	2464
7	2484
7	2646
7	2482
7	2468
8	2488
8	1208
8	2220
8	4747
8	3770
9	2088
9	4912
9	4736
9	2492
9	5144
10	2494
10	3221
10	4612
10	1140
10	4850
14	3231
14	1706
14	3937
14	4059
14	2826
15	1350
15	2527
15	2028
15	3755
15	3757
16	2983
16	2989
16	2986
16	2987
16	2985
17	2989
17	4319
17	2987
17	2988
17	2985
18	2989
18	3138
18	2987
18	4319
18	4991
19	4880
19	4515
19	2511
19	3149
19	1674
20	2794
20	2783
20	2820
20	1819
20	2825
21	2606
21	2794
21	2825
21	2783
21	1937
24	2650
24	2643
24	2033
24	2382
24	2013
25	2966
25	4860
25	2922
25	5166
25	4903
26	4057
26	4072
26	5181
26	4844
26	4758
27	1545
27	2678
27	3318
27	3033
27	759
28	4862
28	1200
28	4350
28	2951
28	4689
29	2693
29	5056
29	4523
29	760
29	2951
30	1053
30	2456
30	1348
30	2713
30	1179
31	2708
31	3665
31	2711
31	2713
31	2707
34	2725
34	3940
34	3381
34	1343
34	1745
35	4429
35	2745
35	3892
35	2741
35	2743
36	2743
36	2745
36	1801
36	2339
36	3651
37	4177
37	1161
37	2748
37	2028
37	2391
38	4000
38	4004
38	4002
38	5012
38	5016
40	2762
40	951
40	4647
40	4872
40	2761
41	1350
41	1021
41	2527
41	1097
41	1712
42	973
42	1606
42	1234
42	2293
42	2292
46	2825
46	2794
46	5137
46	2783
46	3511
47	2794
47	2825
47	2783
47	2606
47	1937
49	2794
49	2825
49	2783
49	2786
49	2606
50	2783
50	2794
50	2825
50	2820
50	2606
51	2830
51	3810
51	760
51	5305
51	2783
52	1801
52	2492
52	2339
52	2745
52	4626
53	5214
53	5222
53	5219
53	2898
53	5224
54	2894
54	2900
54	4384
54	2896
54	5247
57	4733
57	4376
57	4947
57	4948
57	4949
58	2922
58	2924
58	5166
58	2076
58	4900
59	988
59	992
59	981
59	990
59	987
60	4612
60	5340
60	4850
60	5335
60	2942
61	5049
61	1109
61	4413
61	1645
61	2951
63	5056
63	5084
63	2458
63	1200
63	2951
64	3734
64	1259
64	2511
64	4524
64	4091
65	2849
65	2976
65	2884
65	2372
65	2975
69	3969
69	2994
69	3963
69	3960
69	5059
70	4255
70	4613
70	1047
70	1874
70	2432
71	1874
71	2432
71	2028
71	1366
71	1129
72	3020
72	4733
72	4947
72	4376
72	4948
73	4948
73	4733
73	3020
73	4946
73	4376
74	4880
74	3356
74	1238
74	1709
74	1710
75	3060
75	1709
75	1053
75	1707
75	1058
76	1350
76	2028
76	2527
76	3755
76	3760
79	2028
79	2033
79	3098
79	4973
79	1212
80	2075
80	2064
80	3109
80	4455
80	5162
82	1880
82	3138
82	2570
82	4991
82	2147
84	841
84	4786
84	5114
84	753
84	4440
85	3138
85	4991
85	1880
85	1593
85	2570
86	3145
86	3144
86	3146
86	4716
86	4455
87	2720
87	2943
87	3149
87	827
87	1714
88	1294
88	1300
88	5011
88	4511
88	846
92	3781
92	3784
92	3789
92	3786
92	3193
93	2976
93	2975
93	2977
93	4892
93	2884
94	5014
94	4676
94	1556
94	3255
94	1256
95	398
95	3207
95	3204
95	3205
95	3206
97	3220
97	3235
97	3221
97	4607
97	4103
98	3229
98	3227
98	3216
98	1339
98	3228
99	10
99	3855
99	2437
99	1829
99	5066
100	4612
100	3782
100	3271
100	4741
100	1333
